3.5250663  3.47620458 3.48870342 3.25241547 3.13102997 2.8216509
3.47620458 3.67981631 3.58848911 3.3682241  3.07763483 2.89993938
3.48870342 3.58848911 3.64737011 3.35467961 3.04393178 2.84412883
3.25241547 3.3682241  3.35467961 3.22609546 2.86574917 2.71725572
3.13102997 3.07763483 3.04393178 2.86574917 2.87270201 2.5177417
2.8216509  2.89993938 2.84412883 2.71725572 2.5177417  2.34092264