1.52852572 1.4918294 1.49368077 1.53848962 1.41599056 1.45311531
1.4918294 1.50361368 1.50119068 1.52066737 1.41088281 1.44219966
1.49368077 1.50119068 1.53294616 1.53501728 1.41981666 1.44328052
1.53848962 1.52066737 1.53501728 1.56808885 1.43437362 1.46285416
1.41599056 1.41088281 1.41981666 1.43437362 1.36529654 1.38163131
1.45311531 1.44219966 1.44328052 1.46285416 1.38163131 1.42005006